mail,name,departmentexample_0@gmail.com,Evelena Wiley Miguel,HRexample_1@gmail.com,Marvel Buel Isreal,FRexample_2@gmail.com,Adrianna Edward Orville,OCexample_3@gmail.com,Marquis Eligah Einar,Salesexample_4@gmail.com,Taylor Lindy Nathaniel,Administration ,,